47.879176	29.516529
47.485133	26.406599
49.909497	29.291887
55.376268	30.116240
80.649672	37.379802
57.365341	22.706793
93.088415	41.413889
56.616722	27.730560
56.381410	25.656712
70.163370	37.790687
56.754102	32.349790
112.610502	61.052324
59.937000	36.015472
83.762924	33.880571
84.986028	45.841364
49.104537	26.102834
76.833071	38.447279
77.887661	37.284913
68.207100	32.076487
103.463632	49.449581
56.298182	38.668478
44.493946	28.238580
69.450901	36.651833
88.462526	52.098486
58.454910	19.455504
68.381937	32.772068
74.055146	35.200846
50.349399	36.785886
47.073614	23.109041
62.710086	31.899565
86.057031	45.570476
40.112527	22.872675
61.258600	36.802496
87.547676	48.631560
77.486035	44.423955
38.587885	26.358113
94.259856	50.845675
75.301013	40.995653
63.423460	33.221387
46.893697	27.015099
72.973824	39.066617
39.916100	25.349032
55.135893	36.476304
56.814280	26.888240
63.863908	37.004130
75.533333	36.130389
40.478959	21.622677
65.010595	34.828279
67.292469	32.425075
78.355609	40.927087
41.762021	23.858839
80.616194	38.349170
82.172217	44.765752
78.711418	41.870844
63.271529	31.120889
48.115933	23.742007
98.523542	59.974100
53.419026	25.198771
82.756182	43.969219
63.394240	36.636113
57.035502	33.888690
61.154524	37.243572
64.367387	34.314954
34.488146	17.404015
30.119847	12.774580
46.750906	27.261793
69.954213	37.559220
47.846529	20.763725
64.985176	35.667869
53.417278	32.759978
61.929673	38.640915
68.969376	34.776382
85.069188	44.147733
82.791473	32.516453
58.543136	29.826856
45.656768	32.419386
86.165081	44.940558
67.921116	35.223471
72.720305	32.618402
34.974451	25.048045
71.949402	35.209735
59.958145	25.841044
58.680329	35.226238
86.044650	46.947642
101.316417	50.674426
48.424570	24.140727
71.842121	52.556784
39.522773	22.946958
89.380382	49.205476
63.472774	25.747130
70.785867	37.749286
62.451371	28.820588
54.329744	26.395499
40.390269	17.224446
72.813249	34.800497
39.099969	25.467428
45.049363	20.841210
76.580816	38.073767
49.892218	28.099004
100.873579	51.232556
86.982081	41.588702
54.919555	26.897805
65.899619	41.141130
76.904667	44.619573
108.334081	55.240568
88.711046	53.759294
29.388577	17.601921
80.783159	46.275044
108.152582	64.170794
55.776553	27.792243
51.737427	42.248482
81.644041	41.656234
72.049094	42.833041
80.016546	47.898957
71.729477	34.162100
79.552198	39.624714
48.122199	34.906801
60.199120	31.872426
68.817758	38.612593
75.273687	37.199276
71.322756	50.708674
87.860967	41.792908
63.542070	34.743320
41.435312	30.338093
29.683579	16.418876
99.473477	48.282340
55.815906	28.696668
52.110032	33.976429
77.917458	37.673388
79.570210	40.393724
61.464360	23.499452
87.362038	53.981138
60.901323	31.577347
67.358364	30.138258
75.586967	45.069903
48.669868	23.576640
54.864230	27.235583
91.315433	32.080261
61.651178	29.329738
85.011674	41.133943
71.034936	40.455628
66.492038	29.369141
71.422848	31.780724
74.983885	30.874371
41.980490	24.118521
60.848996	29.568695
82.137243	35.086489
44.781789	28.459633
79.099400	47.647718
75.116015	41.520448
54.304694	27.929862
94.513095	43.659049
51.014066	25.829810
78.407832	43.408448
68.348159	42.173630
75.236508	35.568584
70.015253	37.226556
46.919081	30.305600
102.389540	61.797141
80.336416	39.834566
71.725184	43.933968
103.315862	55.785619
56.263495	39.676699
58.567435	30.278917
60.065305	33.858337
66.676379	38.337845
74.122396	32.955629
59.587413	33.348910
68.013889	31.046652
50.373040	33.912252
91.278964	47.882720
69.032597	32.151754
85.534092	39.317726
63.316323	32.534044
78.983704	38.915291
44.108932	20.739975
74.621651	33.503951
64.390241	43.357245
67.546163	34.448715
63.281165	34.714198
64.073447	29.816301
69.252045	33.864491
86.222308	49.162960
92.984388	47.338185
65.025690	38.328903
79.328239	42.291856
30.864592	17.521969
36.108014	26.246013
97.432302	48.445001
46.350059	24.637842
99.762100	49.602151
37.810296	22.179635
48.898598	26.145574
69.590813	37.893390
66.868924	46.029821
52.872767	31.761157
56.094759	36.624074
54.241474	37.490694
49.870134	36.150670
51.982671	23.590988
48.708772	28.362168
77.469545	48.981725
67.378824	31.932131
90.558471	43.681901
85.990167	45.447450
124.869580	65.245664
90.453717	48.102269
88.527338	39.839354
88.436735	45.126834
57.717743	38.515698
85.319297	43.525886
63.547621	28.903518
50.762705	26.107674
30.982968	22.075395
57.285982	40.555178
73.852904	36.002724
86.897007	47.739327
54.151816	31.654530
8.111715	9.024944
82.127479	42.820170
44.380111	26.335529
70.449004	30.629432
70.325124	37.623135
28.457051	16.565365
48.131066	29.331417
50.086508	19.763849
76.693191	43.195877
21.877684	18.393889
59.664285	36.058959
20.243888	18.738845
69.234905	41.586874
41.216892	25.771171
58.883547	35.458806
73.225728	35.480235
53.295114	28.323114
55.052134	32.364073
27.367215	16.777164
48.967418	23.341812
58.461113	40.358415
62.423743	38.755968
54.509253	30.197238
58.428390	35.176908
54.874014	36.103473
87.306181	49.275821
58.082212	25.807798
69.384070	39.936015
70.044735	34.147957
79.079856	44.342429
87.108385	51.421624
67.622763	33.619386
49.762309	34.577712
62.176768	33.611945
67.057014	29.843022
79.038752	35.931804
89.276380	48.975474
64.569092	43.989046
70.357975	39.693471
70.935420	41.219127
31.295528	17.446479
78.648798	40.613370
62.707265	28.523590
53.218738	32.801788
109.793204	47.512175
89.696881	50.248841
87.914285	47.171198
83.317802	47.791411
47.216964	26.648808
82.496008	46.918505
61.032700	34.455010
20.466710	16.782374
73.645845	30.072447
39.757113	21.314363
100.539230	50.262778
27.152778	18.795341
73.146832	49.625621
40.640273	16.141499
66.842793	33.085749
61.798750	28.868163
72.841920	35.997528
38.899685	28.606423
56.747284	27.442769
87.144799	49.077528
75.514628	44.578795
63.433140	36.162558
43.316829	32.386854
39.681935	28.118676
54.484172	27.868398
80.713369	39.826720
83.741527	51.797728
63.661804	32.565930
37.703090	22.929876
77.739476	35.281457
73.732369	34.262755
60.295641	36.897092
76.877737	31.330182
100.527817	51.974769
75.981449	35.066469
69.931672	32.438751
39.577923	18.619282
90.544647	53.510362
56.933513	24.672753
61.145648	25.200870
53.929065	28.470870
55.752573	31.149586
63.591174	32.231875
49.756019	24.321236
66.668911	44.399088
63.639026	39.411025
25.089306	20.318380
55.572926	27.531802
80.163587	37.716449
94.478345	50.086029
55.113075	25.679871
46.974782	25.299356
58.961563	30.478244
44.365285	16.363016
56.715676	34.279672
79.719265	42.701182
61.548684	35.481232
80.623386	46.744080
39.997547	29.398998
71.781719	42.978477
83.632259	50.283469
61.190079	30.631400
62.830782	30.233265
83.621867	46.277633
45.160065	27.068813
82.471134	33.159742
40.116693	18.925670
85.313261	43.990309
54.933319	34.917069
28.719843	25.252132
81.303277	42.354018
59.575273	36.734153
55.051621	28.807725
30.510165	13.463324
111.110272	56.359555
49.628890	33.177498
79.793967	51.985157
80.079070	37.501286
95.356449	57.842013
64.542178	37.443180
55.053001	24.425060
72.805590	44.787512
105.254842	53.362652
81.201857	37.960108
86.284792	44.013353
75.554111	47.156383
81.544244	30.658667
63.827188	39.863234
83.942899	38.083933
82.364446	36.430718
63.148989	36.825236
40.883228	26.276891
73.945526	45.380711
65.658836	41.117803
87.269895	42.687970
54.631500	33.707365
88.205054	46.824164
11.192608	10.588294
80.663125	41.192292
44.216706	28.223436
55.486896	28.092400
67.951204	39.023230
70.871509	32.372203
70.724609	34.970110
54.659784	24.460727
80.098749	42.676042
103.390236	46.918279
74.115951	38.000390
38.489248	20.192152
59.573417	39.097297
80.443536	44.720554
75.173069	38.306043
37.971111	28.503049
90.330148	47.581429
60.315024	41.461739
76.636732	44.932690
66.638238	31.889311
43.986903	30.822640
59.037901	29.081480
20.834156	12.748931
44.680790	18.014255
60.266771	32.389358
44.052054	20.958503
70.928021	34.326365
59.592991	25.718169
74.569511	40.143978
64.626533	35.618416
89.363130	53.052173
37.507524	28.129982
24.974263	8.174465
55.751729	20.053042
63.843555	43.673333
66.616357	25.327871
66.991406	39.769839
70.481377	33.918816
94.050241	46.412864
50.526769	21.423412
50.621728	17.717809
67.820780	28.563822
64.379229	26.665981
31.831576	15.207059
44.175398	24.565545
87.383964	42.973493
54.859968	31.466023
38.651487	25.852908
100.733965	49.560098
79.356263	48.410023
108.239395	40.418352
51.942968	30.916274
82.507387	39.214625
46.345792	23.823729
64.695610	30.317636
44.982770	21.234155
53.185665	27.972319
33.859533	22.166542
78.251132	40.938944
76.755210	47.551617
43.603894	18.916524
79.366002	39.617833
54.553081	32.645536
61.694310	27.978500
81.572357	47.106450
64.156405	32.300858
41.647209	32.315686
56.420978	36.011373
30.335185	10.521628
76.563687	31.522542
61.247905	28.202374
84.622202	42.602359
72.830563	34.165007
14.870663	16.194730
83.645217	33.768388
27.545869	30.500586
37.731026	20.339293
65.229077	35.583042
59.257161	38.640471
85.322011	43.453330
74.555273	38.486896
48.644630	28.142670
92.839709	42.557842
49.370225	25.762092
73.474425	34.715131
49.617359	33.627935
75.986585	38.626073
79.147039	35.482093
73.705637	38.313058
83.009532	43.281244
30.653842	22.660180
68.309772	38.655391
56.879379	37.595137
60.319203	30.556961
82.542271	45.984694
39.687495	20.781118
70.635144	36.201436
47.061676	28.111326
39.479170	27.243439
31.705321	13.098529
80.524678	38.978512
94.568178	40.092654
75.402154	39.130858
60.461929	37.016475
64.264871	38.589789
81.587517	36.745442
79.866874	40.381016
67.346262	31.024559
79.299060	33.974044
44.282893	30.591082
84.876668	42.606209
36.541643	19.489950
75.971980	36.152849
104.264744	46.666424
58.818139	24.283604
29.573070	16.475119
77.907934	33.224948
90.964277	39.813343
78.718266	38.644471
67.639895	33.389795
39.518402	24.292829
68.926097	42.738787
50.665951	24.101064
60.548357	40.167395
69.851978	34.103733
55.048244	41.758923
71.720219	42.883555
72.880427	35.011456
80.062850	43.497961
64.627437	27.061883
62.725660	39.290462
49.317448	29.215045
84.179676	48.336021
42.219746	29.035723
55.237872	29.832053
58.092201	26.050346
51.287504	25.019059
73.033863	41.956041
61.154948	28.658916
91.410137	45.461337
50.975073	37.314791
